timestamp,dataset,rank1,mAP,loss
2025-07-29 09:32:35,0,0.6250,0.3047,0.0000
2025-07-29 09:36:21,0,0.6750,0.3298,0.0000
2025-07-29 09:41:02,0,0.6500,0.3314,0.0000
2025-07-29 09:46:38,0,0.6500,0.3297,0.0000
2025-07-29 09:52:36,0,0.6500,0.3491,0.0000
2025-07-29 09:57:46,0,0.5750,0.3518,0.0000
2025-07-29 10:35:22,0,0.6250,0.3047,0.0000
2025-07-29 10:39:06,0,0.6000,0.3165,0.0000
2025-07-29 10:43:45,0,0.6750,0.3253,0.0000
2025-07-29 10:49:17,0,0.6750,0.3315,0.0000
2025-07-29 10:55:21,0,0.6000,0.3305,0.0000
2025-07-29 11:00:28,0,0.6000,0.3230,0.0000
